[gd_scene load_steps=11 format=2]

[ext_resource path="res://Assets/Pistol.scn" type="PackedScene" id=1]
[ext_resource path="res://Assets/Pistol_Flash.scn" type="PackedScene" id=2]
[ext_resource path="res://Audio/laser04.wav" type="AudioStream" id=3]

[sub_resource type="StreamTexture" id=1]
flags = 19
load_path = "res://.import/Items_Albedo.png-dc21e3d7936dbe870b3253e3ff731bdb.s3tc.stex"

[sub_resource type="SpatialMaterial" id=2]
albedo_texture = SubResource( 1 )

[sub_resource type="ConvexPolygonShape" id=3]
points = PoolVector3Array( -0.021, -0.053, 0.32, 0.021, -0.053, 0.32, 0.047, 0.11, -0.095, -0.047, 0.11, -0.095, 0.047, -0.102, -0.149, -0.047, -0.102, -0.149 )

[sub_resource type="StreamTexture" id=4]
flags = 19
load_path = "res://.import/Items_EM.png-fcb7a37853c230624e07c73a8ec371f8.s3tc.stex"

[sub_resource type="SpatialMaterial" id=5]
albedo_texture = SubResource( 4 )
emission_enabled = true
emission = Color( 1, 0.988235, 0.309804, 1 )
emission_energy = 11.1
emission_operator = 0
emission_on_uv2 = false

[sub_resource type="CylinderMesh" id=6]

[sub_resource type="SpatialMaterial" id=7]
flags_transparent = true
flags_unshaded = true
albedo_color = Color( 0.760784, 0, 0, 0.572549 )

[node name="Pistol" type="RigidBody"]

[node name="Pistol" parent="." instance=ExtResource( 1 )]
transform = Transform( -0.9, 5.74464e-08, 3.45733e-07, 0, 0.887828, -0.14752, -3.50473e-07, -0.14752, -0.887828, 0, 0.014, 0.01 )
material/0 = SubResource( 2 )

[node name="CollisionShape" type="CollisionShape" parent="."]
transform = Transform( -1, -6.37353e-08, 3.84163e-07, 0, 0.986515, 0.16367, -3.89414e-07, 0.16367, -0.986515, 0, 0.014, 0.01 )
shape = SubResource( 3 )

[node name="Pistol_Flash" parent="." instance=ExtResource( 2 )]
transform = Transform( 1, 0, 0, 0, 0.986, -0.164, 0, -0.164, -0.986, 0, 0.005, -0.278 )
material/0 = SubResource( 5 )

[node name="RayCast" type="RayCast" parent="."]
transform = Transform( -1, 3.21434e-07, -5.34091e-08, 0, 0.163911, 0.986475, 3.25841e-07, 0.986475, -0.163911, 0, 0.004, -0.302 )
enabled = true
cast_to = Vector3( 0, -16, 0 )

[node name="LaserSight" type="MeshInstance" parent="."]
transform = Transform( 0.005, 8.48198e-07, 3.19146e-10, 0, 0.361915, -0.00493238, -1.94707e-09, 2.17814, 0.000819554, 0, -0.341, -2.471 )
visible = false
mesh = SubResource( 6 )
material/0 = SubResource( 7 )

[node name="AudioStreamPlayer3D" type="AudioStreamPlayer3D" parent="."]
stream = ExtResource( 3 )
